00000000000000000000000000000000000000000000000000000000000000000000000000000000
00001111000000000000000011110000000000000000111100000000000000001111000000000000
00001001000000000000000010010000000000000000100100000000000000001001000000000000
00111001110000000000001110011100000000000011100111000000000000111001110000000000
00100000010000000000001000000100000000000010000001000000000000100000010000000000
00100000010000000000001000000100000000000010000001000000000000100000010000000000
00111001110000000000001110011100000000000011100111000000000000111001110000000000 
00001001000000000000000010010000000000000000100100000000000000001001000000000000
00001111000000000000000011110000000000000000111100000000000000001111000000000000
00000000000000000000000000000000000000000000000000000000000000000000000000000000
00000000000000000000000000000000000000000000000000000000000000000000000000000000
00000000000000000000000000000000000000000000000000000000000000000000000000000000
00000000000000000000000000000000000000000000000000000000000000000000000000000000
00000000000000000000000000000000000000000000000000000000000000000000000000000000
00000000000000000000000000000000000000000000000000000000000000000000000000000000
00000000000000000000000000000000000000000000000000000000000000000000000000000000
00000000000000000000000000000000000000000000000000000000000000000000000000000000
00000000000000000000000000000000000000000000000000000000000000000000000000000000
00000000000000000000000000000000000000000000000000000000000000000000000000000000
00000000000000000000000000000000000000000000000000000000000000000000000000000000
00000000000000000000000000000000000000000000000000000000000000000000000000000000
00000000000000000000000000000000000000000000000000000000000000000000000000000000
00000000000000000000000000000000000000000000000000000000000000000000000000000000
00000000000000000000000000000000000000000000000000000000000000000000000000000000
00000000000000000000000000000000000000000000000000000000000000000000000000000000
