00000000000000000000000000000000000000000000000000000000000000000000000000000000
00000000000000000000000000000000000000000000000000000000000000000000000000000000
00000000000000000000000000000000000000000000000000000000000000000000000000000000
00000000000000000000000000000000000000000000000000000000000000000000000000000000
00000000000000000000000000000000000000000000000000000000000000000000000000000000
00000000000000000000000000000000000000000000000000000000000000000000000000000000
00000000000000000000000000000000000000000000000000000000000000000000000000000000
00000000000000000000000000000000000000000000000000000000000000000000000000000000
00000000000000000000000000000000000000000000000000000000000000000000000000000000
00000000000000000000000000000000000000000000000000000000000000000000000000000000
00000000000000000000000000000000000000000000000000000000000000000000000000000000
00000000000000000000000000000000000000000000000000000000000000000000000000000000
00000000000000000000000000000000100000100000000000000000000000000000000000000000
00000000000000000000000000000001110001110000000000000000000000000000000000000000
00000000000000000000000000000010010001001000000000000000000000000000000000000000
00000000000000000000000000000111000000011100000000000000000000000000000000000000
00000000000000000000000000000010100000101000000000000000000000000000000000000000
00000000000000000000000000000000110001100000000000000000000000000000000000000000
00000000000000000000000000001000010001000010000000000000000000000000000000000000
00000000000000000000000000000000010001000000000000000000000000000000000000000000
00000000000000000000000000001100010001000110000000000000000000000000000000000000
00000000000000000000000000000010010001001000000000000000000000000000000000000000
00000000000000000000000000000000100000100000000000000000000000000000000000000000
00000000000000000000000000000000000000000000000000000000000000000000000000000000
00000000000000000000000000000000000000000000000000000000000000000000000000000000
