00000000000000000000000000000000000000000000000000000000000000000000000000000000
00000000000000000000000000000000000000000000000000000000000000000000000000000000
00001100000001100110011001100110011001100110011001100110011001100000000000000000
00001100001011100110011001100110011001100110011001100110011001100000000000000000
00000000110100000000000000000000000000000000000000000000000000000000000000000000
00000000110001111111111111111111111111111111111111111111111111110000000000000000
00000000110100000000000000000000000000000000000000000000000000000000000000000000
00001100001011100110011001100110011001100110011001100110011001100000000000000000
00001100000001100110011001100110011001100110011001100110011001100000000000000000
00000000000000000000000000000000000000000000000000000000000000000000000000000000
00000000000000000000000000000000000000000000000000000000000000000000000000000000
00000000000000000000000000000000000000000000000000000000000000000000000000000000
00000000000000000000000000000000000000000000000000000000000000000000000000000000
00001100000001100110011001100110011001100110011001100110011001100000000000000000
00001100001011100110011001100110011001100110011001100110011001100000000000000000
00000000110100000000000000000000000000000000000000000000000000000000000000000000
00000000110001111111111111111111111111111111111111111111111111110000000000000000
00000000110100000000000000000000000000000000000000000000000000000000000000000000
00001100001011100110011001100110011001100110011001100110011001100000000000000000
00001100000001100110011001100110011001100110011001100110011001100000000000000000
00000000000000000000000000000000000000000000000000000000000000000000000000000000
00000000000000000000000000000000000000000000000000000000000000000000000000000000
00000000000000000000000000000000000000000000000000000000000000000000000000000000
00000000000000000000000000000000000000000000000000000000000000000000000000000000
00000000000000000000000000000000000000000000000000000000000000000000000000000000