00000000000000000000000000000000000000000000000000000000000000000000000000000000
00000000000000000000000000000000000000000000000000000000000000000000000000000000
00000000000000000000000000000000000000000000000000000000000000000000010000000000
00000000000000000000000000000000000000000000000000001000000000000000101000000000
00000000000000000000000000000000000000000010100000010000011000000001000000000000
00000000000000000000000000000000000000000010000100001011111100001100000000000000
00000000000000000000000000000000000000000010111111110000000000100101110000000000
00000000000000000000000000000000000000000000010000010000000111100001110000000000
00000000000000000000000000000000000000001100000000000000000111010000000000000000
00000000000000000000000000000000000001001100000001100000000110000000000000000000
00000000000000000000000000000000000001001000000000000000000000000000000000000000
00000000000000000000000000000000000010000000000000000000000000000000000000000000
00000000000000000000000000000000000001001000000000000000000000000000000000000000
00000000000000000000000000000000000001001100000001100000000110000000000000000000
00000000000000000000000000000000000000001100000000000000000111010000000000000000
00000000000000000000000000000000000000000000010000010000000111100001110000000000
00000000000000000000000000000000000000000010111111110000000000100101110000000000
00000000000000000000000000000000000000000010000100001011111100001100000000000000
00000000000000000000000000000000000000000010100000010000011000000001000000000000
00000000000000000000000000000000000000000000000000001000000000000000101000000000
00000000000000000000000000000000000000000000000000000000000000000000010000000000
00000000000000000000000000000000000000000000000000000000000000000000000000000000
00000000000000000000000000000000000000000000000000000000000000000000000000000000
00000000000000000000000000000000000000000000000000000000000000000000000000000000
00000000000000000000000000000000000000000000000000000000000000000000000000000000